1|2
1|3
1|5
1|4
2|10
2|7
2|8
2|9
3|12
3|13
3|14
3|15
4|20
4|17
4|18
4|19
5|22
5|23
5|24
5|25
6|27
6|28
6|29
6|30
6|31
7|33
7|34
7|35
7|36
8|40
8|41
8|38
8|39
9|43
9|44
9|45
9|46
10|48
10|49
10|50
10|51
11|53
11|54
11|55
11|56
12|58
12|59
12|60
12|61
13|63
13|64
13|65
13|66
14|44
14|68
14|69
14|70
14|71
15|73
15|74
15|75
15|76
16|78
16|79
16|80
16|27
17|82
17|83
17|84
17|85
18|87
18|88
18|89
18|90
19|92
19|93
19|94
19|95
20|97
20|98
20|99
20|100
21|102
21|103
21|104
21|105
22|107
22|108
22|109
22|110
23|112
23|113
23|114
23|115
24|117
24|118
24|119
24|120
25|122
25|123
25|124
25|125
26|127
26|128
26|129
26|130
27|132
27|133
27|134
27|135
31|138
31|139
31|140
31|141
32|143
32|144
32|145
32|146
33|148
33|29
33|149
33|150
34|152
34|153
34|154
34|155
35|158
35|159
35|84
35|157
36|43
36|161
36|162
36|163
37|165
37|166
37|167
37|168
38|170
38|171
38|172
38|173
39|175
39|176
39|177
39|178
40|180
40|181
40|182
40|183
41|185
41|186
41|187
41|56
42|189
42|190
42|191
42|192
43|186
43|194
43|195
43|196
44|198
44|199
44|200
44|201
46|203
46|204
46|205
46|206
48|208
48|209
48|210
48|211
49|213
49|214
49|215
49|216
50|218
50|219
50|220
50|221
51|223
51|224
51|225
51|226
52|228
52|227
52|229
52|230
52|231
53|233
53|234
53|235
53|236
54|170
54|238
54|239
54|240
55|242
55|243
55|244
55|245
56|247
56|248
56|249
56|250
56|251
57|186
57|253
57|203
57|109
60|255
60|256
60|257
60|258
61|69
61|260
61|261
61|262
62|264
62|265
62|266
62|267
63|269
63|270
63|271
63|272
64|274
64|275
64|276
64|277
65|279
65|280
65|281
65|282
66|284
66|285
66|286
66|287
67|289
67|290
67|291
67|292
69|294
69|295
69|192
69|296
69|297
70|299
70|300
70|301
70|302
71|306
71|307
71|304
71|305
72|309
72|310
72|311
72|312
73|314
73|315
73|316
73|317
74|319
74|320
74|321
74|322
75|324
75|325
75|326
75|327
76|329
76|330
76|331
76|332
77|334
77|335
77|336
77|337
78|338
78|339
78|340
78|341
79|343
79|344
79|345
79|346
84|348
84|349
84|350
84|351
86|353
86|354
86|355
86|356
87|358
87|359
87|360
87|361
88|363
88|30
88|364
88|365
89|367
89|368
89|369
89|370
90|372
90|373
90|374
90|375
92|377
92|378
92|379
92|380
93|382
93|383
93|384
93|17
94|386
94|387
94|388
94|389
95|391
95|320
95|104
95|392
96|393
96|394
96|395
96|396
98|397
98|398
98|399
98|400
99|401
100|403
100|404
100|291
100|66
101|406
101|407
101|408
101|409
102|411
102|412
102|413
102|414
103|416
103|417
103|306
103|418
104|306
104|420
104|421
104|422
105|423
105|424
105|425
105|426
107|428
107|429
107|430
107|431
109|43
109|433
109|434
109|435
110|208
110|436
110|437
110|438
111|440
111|27
111|441
111|442
111|443
113|445
113|446
113|426
113|447
114|449
114|450
114|451
114|205
117|454
117|455
117|456
117|457
118|458
118|459
118|460
118|461
119|463
119|464
119|465
119|466
120|468
120|469
120|470
120|471
122|473
122|383
122|470
122|474
126|476
126|477
126|478
126|479
130|481
130|482
130|483
130|484
131|219
131|486
131|487
131|488
132|490
132|491
132|220
132|418
133|493
133|494
133|495
133|496
135|499
135|500
135|501
135|389
136|503
137|505
137|506
137|507
137|508
138|510
138|511
138|512
138|513
139|515
139|516
139|517
139|518
141|103
141|520
141|9
141|521
143|523
143|55
143|524
143|525
144|527
144|528
144|529
144|530
145|532
145|533
145|534
145|535
146|537
146|538
146|539
146|540
147|542
147|543
147|544
147|545
148|547
148|82
148|83
148|548
149|550
149|551
149|552
149|553
150|63
150|3
150|555
150|556
151|558
151|446
151|559
151|560
152|369
152|562
152|563
152|564
153|93
153|566
153|29
153|567
154|569
154|570
154|571
154|572
155|574
155|575
155|576
156|54
156|578
156|579
156|580
158|582
158|411
158|583
158|135
159|300
159|391
159|585
159|586
160|430
160|588
160|589
160|590
161|592
161|138
161|103
161|593
162|595
162|596
162|597
162|598
163|112
163|599
163|600
163|601
164|603
164|604
164|593
164|605
165|607
165|608
165|609
165|145
166|611
166|612
166|613
166|614
167|616
167|617
167|618
167|619
168|621
168|622
168|623
168|36
169|625
169|477
169|626
169|627
170|629
170|630
170|631
170|632
171|634
171|635
171|636
171|60
172|638
172|639
172|640
172|641
173|643
173|500
173|114
173|644
174|646
174|647
174|648
174|649
175|651
175|652
175|653
175|654
176|656
176|108
176|657
176|658
177|660
177|661
177|662
177|50
178|664
178|665
178|666
178|667
179|669
179|630
179|670
179|671
180|673
180|674
180|675
180|676
181|678
181|679
181|680
181|681
182|683
182|684
182|685
182|686
183|688
183|689
183|690
183|691
184|693
184|694
184|695
184|553
185|697
185|698
185|699
185|277
186|324
186|82
186|413
186|115
188|702
188|703
188|369
188|704
190|706
190|707
190|115
190|708
191|710
191|711
191|712
191|346
193|715
193|716
193|717
193|718
194|719
194|720
194|300
194|721
195|710
195|723
195|380
195|512
196|725
196|726
196|727
196|728
196|729
197|731
197|710
197|732
197|733
198|735
198|604
198|17
198|302
200|737
200|738
200|739
200|740
201|742
201|743
201|744
201|292
202|542
202|195
202|746
202|747
203|749
203|99
203|744
203|750
204|752
204|753
204|754
204|755
205|73
205|756
205|586
205|757
207|760
207|761
207|640
207|762
208|764
208|765
208|763
208|766
209|768
209|104
209|769
209|770
210|353
210|558
210|772
210|644
211|773
211|75
211|124
211|774
215|776
215|777
215|778
215|779
216|781
216|420
216|782
216|783
217|674
217|785
217|786
217|178
218|788
218|671
218|683
218|789
219|791
219|38
219|792
219|793
220|795
220|796
220|797
220|798
222|670
222|800
222|801
222|802
224|804
224|367
224|361
224|805
225|53
225|807
225|356
225|346
226|809
226|810
226|811
226|812
227|813
227|814
227|99
227|815
228|817
228|818
228|301
228|819
229|726
229|821
229|822
229|110
231|93
231|824
231|825
231|389
233|827
233|828
233|829
233|830
234|832
234|833
234|834
234|134
235|367
235|836
235|575
235|461
236|838
236|839
236|840
236|841
237|842
237|843
237|844
237|845
238|847
238|629
238|848
238|849
239|64
239|851
239|852
239|853
240|118
240|855
240|856
240|178
241|609
241|75
241|703
241|819
242|859
242|234
242|860
242|861
243|863
243|864
243|865
243|866
243|867
244|868
244|869
244|870
244|871
245|873
245|874
245|875
245|876
246|878
246|879
246|880
246|881
247|883
247|884
247|885
247|85
249|887
249|711
249|888
249|889
251|891
251|199
251|892
251|893
252|895
252|13
252|160
252|841
254|897
254|898
254|375
254|899
256|102
256|74
256|901
256|84
257|621
257|128
257|903
257|904
258|906
258|907
258|908
258|909
259|122
259|490
259|609
259|910
261|219
261|912
261|392
261|206
262|914
262|915
262|916
262|917
263|919
263|920
263|921
263|922
264|924
264|925
264|926
264|927
266|70
266|143
266|732
266|36
268|445
268|559
268|740
268|930
270|932
270|933
270|56
270|934
271|936
271|937
271|470
271|560
272|939
272|940
272|941
272|942
274|944
274|41
274|945
274|946
275|948
275|949
275|22
275|950
276|952
276|69
276|953
276|133
277|955
277|818
277|785
277|685
278|112
278|957
278|958
278|461
279|960
279|961
279|962
279|963
280|63
280|711
280|320
280|618
281|966
281|145
281|133
281|967
282|969
282|446
282|252
282|970
284|973
284|974
284|975
284|976
285|978
285|979
285|980
285|981
286|983
286|984
286|985
286|986
287|988
287|989
287|990
287|991
288|98
288|993
288|994
288|302
289|599
289|186
289|996
289|997
290|999
290|1000
290|1001
290|1002
291|706
291|612
291|1004
291|1005
292|1007
292|1008
292|1009
292|71
292|221
294|728
294|220
294|340
294|997
295|304
295|749
295|1012
295|400
296|559
296|104
296|1013
296|1014
297|1016
297|382
297|139
297|1017
299|1018
299|1019
299|1020
299|1021
300|735
300|1023
300|1024
300|586
301|1026
302|1028
302|1029
302|1030
302|1031
303|1033
303|542
303|103
303|80
304|1035
304|1036
304|204
304|115
310|1038
310|1039
310|59
310|1040
311|1042
311|1043
311|811
311|1044
312|1046
312|1047
312|1048
312|991
313|1050
313|1051
313|1052
313|1053
314|1055
314|1056
314|1057
314|1058
315|114
315|1060
315|79
315|80
316|1062
316|1063
316|1064
316|351
317|2
317|360
317|1066
317|1067
318|1008
318|1069
318|160
318|1070
319|1072
319|1073
319|1074
319|1075
320|1077
320|1078
320|1079
320|1080
324|1033
324|1082
324|1083
324|1084
327|1086
327|638
327|1087
327|1088
329|1090
329|1091
329|1092
329|1093
330|1095
330|1096
330|1097
330|1098
331|1100
331|1101
331|1102
331|1103
332|1105
332|1106
332|171
332|1107
333|731
333|363
333|364
333|1109
334|1111
334|1112
334|1113
334|1114
336|1116
336|1117
336|384
336|1118
337|367
337|542
337|302
337|120
338|1033
338|1119
338|593
338|770
339|440
339|1121
339|411
339|277
340|763
340|1123
340|1124
340|245
341|1126
341|1127
341|1128
341|1129
342|1131
342|1132
342|1133
342|1134
343|1136
343|1137
343|1138
343|1139
344|93
344|1141
344|1142
344|1143
345|1131
345|1145
345|1146
345|153
346|1147
346|1148
346|1149
346|1150
347|416
347|82
347|1151
347|1152
348|1153
348|404
348|1154
348|1155
349|1100
349|599
349|33
349|1157
350|566
350|949
350|789
350|163
351|417
351|683
351|1159
351|1160
352|1161
352|391
352|1162
352|1163
353|588
353|1161
353|1165
353|1166
354|1168
354|566
354|1169
354|1170
355|1172
355|325
355|134
355|685
356|3
356|556
356|1174
356|341
357|92
357|1175
357|82
357|1176
358|1178
358|1179
358|1180
358|1181
359|1183
359|1184
359|1185
359|1186
360|897
360|1187
360|1188
360|380
361|122
361|1190
361|66
361|1191
362|1193
362|1194
362|194
362|1195
364|1197
364|1198
364|64
364|1199
365|1201
365|640
365|1202
365|66
367|93
367|1204
367|1205
367|61
368|1206
368|208
368|607
368|252
369|1198
369|1121
369|1208
369|244
370|1209
370|59
370|1210
370|1211
371|710
371|1212
371|1213
371|997
372|776
372|1214
372|1215
372|206
373|1216
373|122
373|1217
373|1218
374|1220
374|1221
374|7
374|365
375|1223
375|1224
375|1225
375|163
376|63
376|742
376|937
376|1227
376|426
377|1229
377|1117
377|640
377|277
378|1212
378|1106
378|1231
378|76
379|1232
379|71
379|45
379|1233
380|324
380|555
380|901
380|1235
381|464
381|204
381|1159
381|841
382|1237
382|1238
382|339
382|1239
382|1064
383|1240
383|763
383|103
383|723
385|773
385|378
385|1242
385|1243
386|1245
386|1147
386|1246
386|1247
387|368
387|1248
387|1249
387|1250
389|1253
389|1254
389|1255
389|1256
391|1258
391|384
391|1017
391|1249
392|1260
392|1261
392|1262
392|1263
393|1265
393|1266
393|45
393|1267
394|1269
394|1270
394|1205
394|25
396|218
396|1273
396|1274
396|1275
397|1277
397|1278
397|1279
397|1280
398|1282
398|1283
398|1284
398|1285
399|1287
399|1288
399|107
399|1012
401|1290
401|1291
401|962
401|1292
402|1293
402|1294
402|1295
402|1169
402|1296
405|199
405|1299
405|1015
405|1300
407|1301
407|194
407|1302
407|1303
408|1305
408|1306
408|1187
408|1307
409|1309
409|1310
409|1311
409|1312
410|1266
410|1038
410|413
410|340
412|1314
412|1315
412|141
412|206
413|656
413|363
413|1317
413|420
414|63
414|1319
414|1320
414|1321
415|264
415|1322
415|1323
415|134
416|671
416|757
416|321
416|146
417|1325
417|1326
417|1327
417|976
418|1018
418|1329
418|9
418|1330
419|1331
419|1332
419|5
419|1012
419|1333
420|1335
420|383
420|1336
420|1337
421|48
421|1339
421|1340
421|195
422|707
422|732
422|1341
422|146
423|353
423|1343
423|566
423|1344
424|897
424|1345
424|785
424|1346
425|44
425|566
425|560
425|1307
426|1348
426|1349
426|1350
426|1351
427|555
427|124
427|1353
427|1354
428|1355
428|625
428|27
428|220
429|1357
429|646
429|1358
429|1359
429|1360
430|1362
430|1363
430|465
430|1270
431|749
431|291
431|161
431|1365
432|842
432|1367
432|1052
432|1368
433|1370
433|181
433|1371
433|89
434|1372
434|1373
434|114
434|1374
435|832
435|1376
435|1377
435|1378
436|1380
436|145
436|1381
436|1382
437|944
437|1384
437|1052
437|521
438|98
438|588
438|818
438|1386
439|300
439|1387
439|1388
439|90
440|1389
440|839
440|74
440|110
441|1390
441|1273
441|1246
441|1391
442|940
442|99
442|114
442|277
444|1395
444|544
444|1396
444|1397
445|643
445|1354
445|205
445|1143
447|143
447|411
447|1399
447|150
448|353
448|148
448|1191
448|888
450|1402
450|1317
450|78
450|740
451|1404
451|723
451|899
451|841
452|1406
452|958
452|1407
452|970
453|1408
453|1409
453|1410
453|1411
454|1412
454|103
454|1413
454|1414
455|477
455|626
455|1416
455|1087
456|719
456|609
456|1418
456|1419
457|33
457|566
457|115
457|1420
458|710
458|103
458|373
458|1421
459|343
459|727
459|79
459|1422
460|1220
460|1423
460|1188
460|267
461|1425
461|1426
461|1427
461|1428
462|621
462|1430
462|1372
462|1431
463|1433
463|538
463|1155
463|1434
464|1435
464|119
464|1436
464|1437
465|1438
465|1439
465|893
465|1440
466|1343
466|491
466|1442
466|89
467|1444
467|834
467|1445
467|844
469|608
469|1213
469|206
469|426
470|1448
470|1449
470|1450
470|1451
471|253
471|966
471|160
471|244
472|1454
472|897
472|1455
472|46
473|1457
473|473
473|647
473|1087
474|423
474|379
474|818
474|105
475|1460
475|1461
475|1462
475|84
476|1117
476|191
476|1464
476|1465
478|1466
478|78
478|320
478|1467
479|1147
479|1322
479|936
479|276
480|955
480|118
480|194
480|1469
481|1471
481|143
481|1472
481|302
482|1030
482|703
482|1474
482|778
483|629
483|887
483|1476
483|1477
484|1478
484|1479
484|1336
484|1480
485|228
485|1481
485|1482
485|286
485|901
486|54
486|520
486|1484
486|1485
487|936
487|1486
487|1487
487|1488
488|608
488|892
488|1490
488|1491
489|1423
489|534
489|683
489|1492
490|343
490|411
490|567
490|1493
491|208
491|1224
491|1494
491|1495
492|1496
492|227
492|1114
492|24
493|191
493|1497
493|1498
493|1499
494|749
494|1063
494|754
494|470
496|1501
496|1502
497|127
497|393
497|1503
497|640
497|1504
498|623
498|1505
498|203
498|1506
499|386
499|1508
499|789
499|563
500|49
500|1509
500|9
500|261
501|1511
501|195
501|1512
501|1513
502|248
502|1395
502|1514
502|1515
503|1517
503|331
503|1518
503|1519
504|1520
504|119
504|417
504|821
505|358
505|1521
505|1123
505|1522
507|763
507|423
507|1523
507|1469
508|3
508|1525
508|593
508|1526
509|300
509|194
509|109
509|1528
510|1312
510|1097
510|1529
510|1530
511|1404
511|1178
511|149
511|470
513|1532
513|1533
513|1534
513|321
514|276
514|221
514|1535
514|1518
515|1536
515|70
515|1106
515|84
516|1538
516|102
516|1539
516|1341
517|621
517|300
517|99
517|201
518|1198
518|404
518|70
518|66
520|1193
520|123
520|1542
520|61
521|711
521|302
521|1506
521|563
522|1033
522|1545
522|1546
522|1547
523|1549
523|1550
523|1551
523|1552
524|1553
524|1532
524|1554
524|1555
525|764
525|386
525|1557
525|1558
527|735
527|726
527|446
527|356
528|1454
528|1317
528|1559
528|521
529|726
529|843
529|1561
529|1562
530|978
530|1508
530|1564
530|1565
530|1566
531|1567
531|1568
531|1569
531|1570
532|630
532|374
532|1360
532|1572
533|343
533|440
533|892
533|1365
534|1574
534|70
534|1575
534|1576
534|1577
535|1579
535|848
535|12
535|757
536|219
536|22
536|590
536|1581
537|82
537|194
537|1242
537|460
538|187
538|534
538|807
538|750
539|3
539|1582
539|411
539|841
540|304
540|1583
540|80
540|196
541|33
541|1584
541|962
541|1143
542|647
542|1586
542|1587
542|1588
543|949
543|1589
543|1014
543|819
544|1323
544|604
544|145
544|461
546|1229
546|65
546|749
546|392
547|813
547|368
547|1584
547|638
548|1594
548|306
548|1442
548|1595
550|1597
550|218
550|1598
550|1599
551|1601
551|1602
551|1603
551|1581
552|670
552|1604
552|1442
552|1386
553|1606
553|29
553|555
553|1063
554|643
554|219
554|1508
554|1608
555|1229
555|29
555|320
555|575
556|1610
556|1611
556|1612
556|1613
557|1615
557|1616
557|1617
557|1618
558|1220
558|1620
558|1621
558|1622
559|1624
559|1625
559|1626
559|1627
560|1584
560|1629
560|770
560|1630
562|1632
562|1633
562|1634
562|1485
563|1636
563|1637
563|1638
563|1639
564|1583
564|1640
564|107
564|1012
566|1642
566|703
566|1643
566|789
567|1645
567|416
567|1467
567|1646
568|1648
568|1649
568|1650
568|1651
569|1653
569|1654
569|1655
569|1656
572|1658
572|1659
572|474
572|1660
574|1662
574|1663
574|1664
574|1665
575|1666
575|1667
575|1668
575|1669
576|1671
576|1672
576|1673
576|1674
577|737
577|1676
577|1677
577|1159
579|1679
579|1680
579|234
579|1681
580|185
580|839
580|1683
580|1684
581|1686
585|1688
585|1689
585|1690
585|1691
586|1220
586|1692
586|78
586|1368
587|1694
587|1695
587|1696
587|1697
587|744
588|1699
588|1700
588|9
588|1701
589|445
589|1702
589|901
589|1703
590|763
590|1704
590|607
590|1346
591|1706
591|1707
591|1708
591|1709
592|1212
592|339
592|1169
592|1422
593|1710
593|1711
593|70
593|252
595|1713
595|1714
595|1715
595|1716
596|1718
597|358
597|1719
597|623
597|380
599|1721
599|1722
599|1723
599|1724
600|957
600|1726
600|795
600|1727
602|1729
602|1730
602|1731
602|1732
603|75
603|1734
603|1735
603|1215
605|299
605|1737
605|141
605|1738
606|1740
606|1741
606|1742
606|1743
607|1482
607|1745
607|1746
607|1103
608|656
608|1747
608|1748
608|576
609|54
609|1750
609|1751
609|261
611|1754
611|1755
611|1756
611|1757
611|1758
612|1179
612|1760
612|1132
612|899
613|1762
613|1763
613|1764
613|1528
614|1766
614|1767
614|1768
614|1769
616|1771
616|1772
616|1773
616|1774
618|112
618|133
618|739
618|403
619|1777
619|1778
619|1779
619|1780
624|1782
624|1783
624|1387
624|1784
625|1786
625|1787
625|1788
625|1789
626|1790
626|533
626|1530
626|1791
627|1793
627|1794
627|1795
627|388
628|623
628|1797
628|1798
628|590
629|1800
629|1801
629|1802
629|216
630|1229
630|1804
630|1805
630|1806
631|1721
631|863
631|1442
631|1493
633|1809
633|1810
633|1811
633|1812
634|1287
634|1814
634|683
634|1815
635|1817
635|710
635|181
635|1818
636|1820
636|1821
636|1822
636|1823
637|832
637|1825
637|22
637|267
638|1827
638|1828
638|1829
638|392
639|584
639|1830
639|1831
639|1832
640|220
640|1028
640|1834
640|80
642|1836
642|1837
642|1838
642|1839
643|1841
643|1842
643|1843
643|1844
644|1846
644|1847
644|1848
644|1849
645|1030
645|1851
645|926
645|1852
647|1853
647|1854
647|593
647|841
648|1412
648|213
648|1855
648|926
650|1008
650|1857
650|750
650|1858
650|341
651|1860
651|1861
651|1862
651|1863
653|1866
653|723
653|195
653|641
654|1868
654|1869
654|1870
654|1871
655|1873
655|1874
655|1875
655|1876
656|1323
656|180
656|255
656|74
656|1877
657|1879
657|1880
657|1881
657|1882
658|1884
658|1885
658|1886
658|1887
660|1888
660|70
660|1889
660|1890
661|92
661|264
661|1891
661|1892
662|1893
662|623
662|1894
662|1797
662|1895
663|1897
663|1898
663|1899
663|1900
664|1901
664|1902
664|220
664|1903
665|213
665|1554
665|1905
665|1906
665|1907
668|1909
668|1910
668|1911
668|1912
671|1914
671|1913
671|1915
671|1916
673|1918
673|1919
673|1920
673|1832
674|1922
674|1923
674|1924
674|1925
675|1927
675|1928
675|649
675|1929
675|1930
676|1932
676|1933
676|1934
676|1935
679|1936
679|773
679|1937
679|1938
684|1940
684|1941
684|1942
684|1943
687|1945
687|194
687|1075
687|774
688|1946
688|1557
688|276
688|417
691|1317
691|1947
691|1360
691|1948
692|1950
692|1951
692|1070
692|1015
694|1583
694|1953
694|1954
694|1955
695|1957
695|1520
695|1740
695|178
696|1959
696|1960
696|1014
696|1961
697|1046
697|391
697|640
697|1795
699|1964
699|1965
699|1966
699|1967
700|1969
700|1970
700|1971
700|1834
701|1973
701|1974
701|1975
701|1976
701|1977
702|1979
702|1980
702|1981
702|512
703|1983
703|817
703|1984
703|206
705|1986
705|1987
705|1132
705|1133
706|1989
706|1990
706|326
706|1991
707|727
707|897
707|220
707|133
708|1992
708|1993
708|1215
708|1397
709|1995
709|1996
709|600
709|1997
710|832
710|1368
710|1999
710|2000
